519.831336 770.279422 10.583797 10.583797 -0.577620 -0.707878 image.pgm
417.422795 1125.431469 14.536390 13.793922 -0.828067 -0.927094 image.pgm
896.412821 841.420589 7.313975 6.135786 4.433328 9.214852 image.pgm
239.506110 1177.349930 6.778064 6.778064 0.807257 6.869608 image.pgm
516.455217 769.006288 7.767759 7.767759 5.697348 7.097467 image.pgm
419.511763 1121.263309 5.320042 5.320042 0.819773 0.665248 image.pgm
520.550086 769.514055 5.529771 5.529771 1.312408 5.130496 image.pgm
167.396587 50.862625 62.563418 62.563418 0.271328 1.887965 image.pgm
270.830047 502.563514 16.999533 16.999533 0.071099 5.591494 image.pgm
184.455552 69.650866 22.261654 18.283824 4.136711 7.878803 image.pgm
180.868722 72.664259 28.863043 19.686206 1.432706 4.411038 image.pgm
234.831693 1172.348337 16.326654 16.326654 0.438931 1.982353 image.pgm
331.024080 1277.523557 4.504871 4.504871 -1.395918 -1.576120 image.pgm
235.319657 1182.463214 19.913181 19.913181 5.911014 11.157970 image.pgm
235.290655 1178.768248 8.655306 8.655306 1.726320 4.386048 image.pgm
296.042956 1168.788209 13.263818 13.263818 0.262417 5.216905 image.pgm
1079.600042 361.183119 5.164769 5.164769 1.694729 1.519675 image.pgm
1131.927863 423.376367 7.624841 4.866842 3.195866 8.833011 image.pgm
299.544417 1167.183178 10.285841 10.285841 5.091531 6.268480 image.pgm
292.929613 1175.267693 30.255672 27.765343 -1.568545 -1.600518 image.pgm
262.186480 89.520578 23.187706 23.187706 2.142864 3.292279 image.pgm
179.642957 33.701456 40.159178 40.159178 5.326621 6.760763 image.pgm
427.017035 37.806570 63.802768 55.035705 6.005825 10.082954 image.pgm
155.027353 39.778724 55.520553 55.520553 1.798494 4.069824 image.pgm
735.161360 1186.262335 44.015788 44.015788 4.038487 4.883871 image.pgm
180.746651 72.647639 42.006707 42.006707 2.689672 5.361455 image.pgm
422.607730 84.825986 36.031804 36.031804 0.802553 2.344344 image.pgm
164.267367 124.147757 27.103629 27.103629 3.923877 4.556474 image.pgm
412.163221 206.720866 7.493914 7.493914 3.882266 5.509914 image.pgm
883.981510 1249.005906 14.023479 14.023479 3.509640 4.855521 image.pgm
254.339071 171.883910 8.198550 8.198550 3.392863 5.147116 image.pgm
1003.090937 299.707558 4.864626 4.864626 3.996959 6.720071 image.pgm
439.580479 216.018543 21.577297 21.577297 4.015101 4.929675 image.pgm
416.806388 -555.948330 729.165808 729.165808 1.555442 1.582877 image.pgm
420.090764 30.897155 135.902730 135.902730 1.497582 1.660052 image.pgm
1.940336 479.730286 8.943787 5.307102 5.291939 8.206782 image.pgm
