894.537266 846.518929 898.587741 838.544567 image.pgm
203.242049 85.298001 215.675512 69.420530 image.pgm
165.310016 102.870998 179.800328 98.494330 image.pgm
180.155278 98.655390 190.634131 94.378517 image.pgm
207.582314 80.579170 212.002556 75.983357 image.pgm
189.703020 94.306124 203.092870 85.387439 image.pgm
248.544663 95.471623 254.631558 105.051778 image.pgm
305.317472 1173.215211 311.387637 1169.324687 image.pgm
1130.142738 428.046200 1128.060499 422.872011 image.pgm
275.518809 495.080906 272.373062 502.445781 image.pgm
158.721860 104.076576 165.938532 100.131456 image.pgm
280.068478 506.696081 281.009637 513.567167 image.pgm
272.158546 501.224072 269.899328 508.911254 image.pgm
277.105693 489.972212 278.391339 496.319458 image.pgm
479.333871 -0.483136 481.768890 23.873271 image.pgm
246.537643 105.473344 243.649194 101.394351 image.pgm
161.548883 111.252105 160.270980 105.845101 image.pgm
152.372010 105.311683 158.581562 101.091347 image.pgm
695.895115 1158.761417 697.212992 1146.686966 image.pgm
212.275161 65.997197 219.226640 62.888691 image.pgm
385.288713 5.482043 386.637648 1.226640 image.pgm
284.332394 495.618037 288.196445 503.646106 image.pgm
226.527740 64.493656 227.564628 69.027858 image.pgm
750.507748 1136.506194 725.493676 1136.311173 image.pgm
821.383125 316.503141 821.785973 331.492314 image.pgm
705.585551 1143.039744 696.167441 1141.289128 image.pgm
389.491817 8.496740 392.790272 0.217252 image.pgm
453.754448 109.331946 470.622511 99.407962 image.pgm
699.339066 1171.960502 695.510691 1158.910155 image.pgm
747.824528 1167.001691 739.448271 1172.420031 image.pgm
218.501695 66.757682 222.514681 66.731277 image.pgm
446.360839 111.122068 452.617226 108.818362 image.pgm
259.126638 168.772176 249.971038 173.468852 image.pgm
451.469506 112.739504 466.551587 112.478266 image.pgm
208.810074 48.956478 204.599520 45.382746 image.pgm
444.526042 119.625385 449.319268 118.629838 image.pgm
540.891734 142.385491 531.981257 146.327414 image.pgm
393.225545 109.688089 401.258869 111.543833 image.pgm
391.513174 116.698934 401.510470 116.863350 image.pgm
0.651919 480.747459 5.392711 475.404797 image.pgm
1121.921997 609.547225 1121.135955 616.571169 image.pgm
469.865107 105.000851 475.182006 102.749133 image.pgm
383.832867 104.944243 393.837530 110.936457 image.pgm
464.793014 167.958799 454.189412 172.822930 image.pgm
399.438677 174.477091 384.497529 173.539379 image.pgm
426.564981 221.200947 417.549755 222.036701 image.pgm
886.093425 1239.987985 876.551529 1247.564893 image.pgm
430.810469 179.176549 426.129702 178.078485 image.pgm
478.343325 93.259934 485.083165 88.861301 image.pgm
459.493889 188.738294 474.509659 189.123353 image.pgm
421.888732 197.704332 427.036734 198.686381 image.pgm
450.491103 178.590273 439.401706 177.497350 image.pgm
497.534527 16.501058 497.197761 27.490738 image.pgm
446.636424 199.691489 457.904283 191.663834 image.pgm
211.313303 32.189967 200.392590 33.746313 image.pgm
714.732530 1174.575283 711.012046 1169.616351 image.pgm
894.537266 846.518929 898.587741 838.544567 image.pgm
203.242049 85.298001 215.675512 69.420530 image.pgm
165.310016 102.870998 179.800328 98.494330 image.pgm
180.155278 98.655390 190.634131 94.378517 image.pgm
207.582314 80.579170 212.002556 75.983357 image.pgm
189.703020 94.306124 203.092870 85.387439 image.pgm
248.544663 95.471623 254.631558 105.051778 image.pgm
305.317472 1173.215211 311.387637 1169.324687 image.pgm
1130.142738 428.046200 1128.060499 422.872011 image.pgm
275.518809 495.080906 272.373062 502.445781 image.pgm
158.721860 104.076576 165.938532 100.131456 image.pgm
280.068478 506.696081 281.009637 513.567167 image.pgm
272.158546 501.224072 269.899328 508.911254 image.pgm
277.105693 489.972212 278.391339 496.319458 image.pgm
479.333871 -0.483136 481.768890 23.873271 image.pgm
246.537643 105.473344 243.649194 101.394351 image.pgm
161.548883 111.252105 160.270980 105.845101 image.pgm
152.372010 105.311683 158.581562 101.091347 image.pgm
695.895115 1158.761417 697.212992 1146.686966 image.pgm
212.275161 65.997197 219.226640 62.888691 image.pgm
385.288713 5.482043 386.637648 1.226640 image.pgm
284.332394 495.618037 288.196445 503.646106 image.pgm
226.527740 64.493656 227.564628 69.027858 image.pgm
750.507748 1136.506194 725.493676 1136.311173 image.pgm
821.383125 316.503141 821.785973 331.492314 image.pgm
705.585551 1143.039744 696.167441 1141.289128 image.pgm
389.491817 8.496740 392.790272 0.217252 image.pgm
453.754448 109.331946 470.622511 99.407962 image.pgm
699.339066 1171.960502 695.510691 1158.910155 image.pgm
747.824528 1167.001691 739.448271 1172.420031 image.pgm
218.501695 66.757682 222.514681 66.731277 image.pgm
446.360839 111.122068 452.617226 108.818362 image.pgm
259.126638 168.772176 249.971038 173.468852 image.pgm
451.469506 112.739504 466.551587 112.478266 image.pgm
208.810074 48.956478 204.599520 45.382746 image.pgm
444.526042 119.625385 449.319268 118.629838 image.pgm
540.891734 142.385491 531.981257 146.327414 image.pgm
393.225545 109.688089 401.258869 111.543833 image.pgm
391.513174 116.698934 401.510470 116.863350 image.pgm
0.651919 480.747459 5.392711 475.404797 image.pgm
1121.921997 609.547225 1121.135955 616.571169 image.pgm
469.865107 105.000851 475.182006 102.749133 image.pgm
383.832867 104.944243 393.837530 110.936457 image.pgm
464.793014 167.958799 454.189412 172.822930 image.pgm
399.438677 174.477091 384.497529 173.539379 image.pgm
426.564981 221.200947 417.549755 222.036701 image.pgm
886.093425 1239.987985 876.551529 1247.564893 image.pgm
430.810469 179.176549 426.129702 178.078485 image.pgm
478.343325 93.259934 485.083165 88.861301 image.pgm
459.493889 188.738294 474.509659 189.123353 image.pgm
421.888732 197.704332 427.036734 198.686381 image.pgm
450.491103 178.590273 439.401706 177.497350 image.pgm
497.534527 16.501058 497.197761 27.490738 image.pgm
446.636424 199.691489 457.904283 191.663834 image.pgm
211.313303 32.189967 200.392590 33.746313 image.pgm
714.732530 1174.575283 711.012046 1169.616351 image.pgm
894.537266 846.518929 898.587741 838.544567 image.pgm
203.242049 85.298001 215.675512 69.420530 image.pgm
165.310016 102.870998 179.800328 98.494330 image.pgm
180.155278 98.655390 190.634131 94.378517 image.pgm
207.582314 80.579170 212.002556 75.983357 image.pgm
189.703020 94.306124 203.092870 85.387439 image.pgm
248.544663 95.471623 254.631558 105.051778 image.pgm
305.317472 1173.215211 311.387637 1169.324687 image.pgm
1130.142738 428.046200 1128.060499 422.872011 image.pgm
275.518809 495.080906 272.373062 502.445781 image.pgm
158.721860 104.076576 165.938532 100.131456 image.pgm
280.068478 506.696081 281.009637 513.567167 image.pgm
272.158546 501.224072 269.899328 508.911254 image.pgm
277.105693 489.972212 278.391339 496.319458 image.pgm
479.333871 -0.483136 481.768890 23.873271 image.pgm
246.537643 105.473344 243.649194 101.394351 image.pgm
161.548883 111.252105 160.270980 105.845101 image.pgm
152.372010 105.311683 158.581562 101.091347 image.pgm
695.895115 1158.761417 697.212992 1146.686966 image.pgm
212.275161 65.997197 219.226640 62.888691 image.pgm
385.288713 5.482043 386.637648 1.226640 image.pgm
284.332394 495.618037 288.196445 503.646106 image.pgm
226.527740 64.493656 227.564628 69.027858 image.pgm
750.507748 1136.506194 725.493676 1136.311173 image.pgm
821.383125 316.503141 821.785973 331.492314 image.pgm
705.585551 1143.039744 696.167441 1141.289128 image.pgm
389.491817 8.496740 392.790272 0.217252 image.pgm
453.754448 109.331946 470.622511 99.407962 image.pgm
699.339066 1171.960502 695.510691 1158.910155 image.pgm
747.824528 1167.001691 739.448271 1172.420031 image.pgm
218.501695 66.757682 222.514681 66.731277 image.pgm
446.360839 111.122068 452.617226 108.818362 image.pgm
259.126638 168.772176 249.971038 173.468852 image.pgm
451.469506 112.739504 466.551587 112.478266 image.pgm
208.810074 48.956478 204.599520 45.382746 image.pgm
444.526042 119.625385 449.319268 118.629838 image.pgm
540.891734 142.385491 531.981257 146.327414 image.pgm
393.225545 109.688089 401.258869 111.543833 image.pgm
391.513174 116.698934 401.510470 116.863350 image.pgm
0.651919 480.747459 5.392711 475.404797 image.pgm
1121.921997 609.547225 1121.135955 616.571169 image.pgm
469.865107 105.000851 475.182006 102.749133 image.pgm
383.832867 104.944243 393.837530 110.936457 image.pgm
464.793014 167.958799 454.189412 172.822930 image.pgm
399.438677 174.477091 384.497529 173.539379 image.pgm
426.564981 221.200947 417.549755 222.036701 image.pgm
886.093425 1239.987985 876.551529 1247.564893 image.pgm
430.810469 179.176549 426.129702 178.078485 image.pgm
478.343325 93.259934 485.083165 88.861301 image.pgm
459.493889 188.738294 474.509659 189.123353 image.pgm
421.888732 197.704332 427.036734 198.686381 image.pgm
450.491103 178.590273 439.401706 177.497350 image.pgm
497.534527 16.501058 497.197761 27.490738 image.pgm
446.636424 199.691489 457.904283 191.663834 image.pgm
211.313303 32.189967 200.392590 33.746313 image.pgm
714.732530 1174.575283 711.012046 1169.616351 image.pgm
